1.000394070 444,257,621 branches:u
2.000592983 508,512,047 branches:u
3.000768915 505,682,174 branches:u
4.000951604 493,001,045 branches:u
5.001126172 489,558,995 branches:u
6.001314018 480,289,306 branches:u
7.001488856 470,333,202 branches:u
8.001667785 469,708,067 branches:u
9.001847280 469,075,558 branches:u
10.002022122 467,829,721 branches:u
11.002210707 467,906,841 branches:u
12.002399236 469,238,443 branches:u
13.002574267 468,755,309 branches:u
14.002748447 467,578,565 branches:u
15.002920449 470,472,536 branches:u
16.003101451 466,405,728 branches:u
17.003278136 469,913,965 branches:u
18.003464554 466,412,680 branches:u
19.003642749 470,084,164 branches:u
20.003820783 467,501,758 branches:u
21.004009188 470,149,133 branches:u
22.004184804 467,065,110 branches:u
23.004354444 468,953,884 branches:u
24.004525271 466,446,559 branches:u
25.004694253 470,162,629 branches:u
26.004879354 467,515,715 branches:u
27.005063312 468,887,990 branches:u
28.005238046 467,970,056 branches:u
29.005415477 468,464,900 branches:u
30.005593281 469,171,401 branches:u
31.005830686 469,239,844 branches:u
32.006024014 469,269,402 branches:u
33.006198301 468,151,966 branches:u
34.006383485 469,082,773 branches:u
35.006565923 469,522,517 branches:u
36.006764253 469,351,217 branches:u
37.006939618 469,297,385 branches:u
38.007115698 465,853,411 branches:u
39.007291536 470,153,083 branches:u
40.007470926 468,396,348 branches:u
41.007703174 470,706,068 branches:u
42.007878305 469,019,080 branches:u
43.008056095 469,171,810 branches:u
44.008232933 468,301,716 branches:u
45.008421073 470,161,439 branches:u
46.008669757 468,341,939 branches:u
47.008846678 469,984,956 branches:u
48.009023758 468,336,325 branches:u
49.009212854 469,265,069 branches:u
50.009387532 504,561,316 branches:u
51.009626496 516,686,988 branches:u
52.009799336 516,421,965 branches:u
53.009975710 517,442,657 branches:u
54.010168350 515,845,777 branches:u
55.010343419 504,450,119 branches:u
56.010575440 468,109,301 branches:u
57.010754060 470,855,224 branches:u
58.010930287 467,840,991 branches:u
59.011120343 471,059,730 branches:u
60.011296337 468,028,018 branches:u
61.011482364 471,063,967 branches:u
62.011659896 467,774,636 branches:u
63.011839276 469,846,726 branches:u
64.012016866 468,047,238 branches:u
65.012210406 470,421,638 branches:u
66.012398718 468,195,886 branches:u
67.012578548 471,028,404 branches:u
68.012761415 467,337,106 branches:u
69.012942661 470,956,167 branches:u
70.013118772 467,731,785 branches:u
71.013300890 470,932,681 branches:u
72.013481866 468,273,019 branches:u
73.013666422 469,336,718 branches:u
74.013849322 468,160,625 branches:u
75.014039385 470,447,517 branches:u
76.014233174 468,357,214 branches:u
77.014421284 470,186,754 branches:u
78.014601726 467,436,015 branches:u
79.014783089 469,468,360 branches:u
80.014964505 469,167,037 branches:u
81.015172358 469,923,450 branches:u
82.015372020 468,371,134 branches:u
83.015544732 467,875,580 branches:u
84.015721021 468,783,825 branches:u
85.015889173 468,749,129 branches:u
86.016064373 469,102,258 branches:u
87.016238035 468,673,796 branches:u
88.016416597 468,448,829 branches:u
89.016561492 469,434,716 branches:u
90.016736354 469,163,697 branches:u
91.016891589 469,507,599 branches:u
92.017069775 469,321,378 branches:u
93.017248647 468,522,789 branches:u
94.017423963 469,257,318 branches:u
95.017598935 469,607,386 branches:u
96.017787187 469,697,733 branches:u
97.017963782 469,698,747 branches:u
98.018173991 468,221,074 branches:u
99.018355009 506,884,512 branches:u
100.018533978 517,019,895 branches:u
101.018742223 516,577,064 branches:u
102.018925698 516,377,397 branches:u
103.019104807 516,987,432 branches:u
104.019291172 500,709,721 branches:u
105.019492281 470,835,518 branches:u
106.019677395 467,793,647 branches:u
107.019850840 470,987,297 branches:u
108.020028719 467,586,319 branches:u
109.020204630 470,703,866 branches:u
110.020383518 468,088,521 branches:u
111.020574490 470,875,888 branches:u
112.020753035 467,962,678 branches:u
113.020931137 469,566,050 branches:u
114.021108927 467,184,507 branches:u
115.021288439 471,135,608 branches:u
116.021476737 468,405,273 branches:u
117.021654482 470,399,795 branches:u
118.021833053 466,611,328 branches:u
119.022011471 470,753,302 branches:u
120.022188349 468,117,373 branches:u
121.022376604 470,719,078 branches:u
122.022572038 467,103,048 branches:u
123.022749376 469,199,924 branches:u
124.022930434 468,777,803 branches:u
125.023108805 471,009,204 branches:u
126.023292771 468,116,121 branches:u
127.023465633 470,179,950 branches:u
128.023641962 467,703,804 branches:u
129.023816379 469,280,179 branches:u
130.024011097 468,621,173 branches:u
131.024193407 468,833,504 branches:u
132.024365508 470,192,476 branches:u
133.024536350 468,327,968 branches:u
134.024709769 470,038,942 branches:u
135.024886597 470,173,361 branches:u
136.025131414 469,630,283 branches:u
137.025320669 470,154,782 branches:u
138.025499533 467,786,108 branches:u
139.025677070 470,508,748 branches:u
140.025852527 468,770,345 branches:u
141.026038264 471,060,557 branches:u
142.026216568 468,239,436 branches:u
143.026391669 469,904,343 branches:u
144.026563997 468,468,132 branches:u
145.026740267 471,344,454 branches:u
146.026924800 468,168,254 branches:u
147.027101267 470,436,356 branches:u
148.027279927 508,991,165 branches:u
149.027458888 516,725,123 branches:u
150.027632318 516,465,782 branches:u
151.027816886 518,321,196 branches:u
152.027991525 515,775,264 branches:u
153.028164699 498,915,837 branches:u
154.028338232 467,895,551 branches:u
155.028510675 470,504,442 branches:u
156.028689254 466,939,857 branches:u
157.028858717 471,783,042 branches:u
158.029029662 466,106,774 branches:u
159.029204229 471,289,435 branches:u
160.029394682 467,538,191 branches:u
161.029578063 471,371,171 branches:u
162.029745599 467,016,941 branches:u
163.029919399 469,680,270 branches:u
164.030109516 467,951,726 branches:u
165.030310676 470,820,178 branches:u
166.030514969 467,747,930 branches:u
167.030697005 470,754,231 branches:u
168.030874849 467,401,717 branches:u
169.031053949 470,856,667 branches:u
170.031234585 467,543,231 branches:u
171.031434615 471,120,712 branches:u
172.031614961 468,431,205 branches:u
173.031796841 469,426,536 branches:u
174.031976990 467,770,372 branches:u
175.032159300 470,576,703 branches:u
176.032408687 468,423,021 branches:u
177.032601530 470,669,094 branches:u
178.032776116 467,265,853 branches:u
179.032951213 471,089,924 branches:u
180.033135149 468,041,535 branches:u
181.033321031 471,057,208 branches:u
182.033498477 467,502,545 branches:u
183.033674070 469,883,616 branches:u
184.033853412 454,314,025 branches:u
185.034028145 455,206,769 branches:u
186.034212558 456,321,331 branches:u
187.034391057 473,243,281 branches:u
188.034570163 470,453,938 branches:u
189.034747498 470,956,622 branches:u
190.034924715 470,792,895 branches:u
191.035109173 471,503,950 branches:u
192.035285600 470,640,975 branches:u
193.035463318 471,138,336 branches:u
194.035639464 472,065,600 branches:u
195.035813673 470,481,609 branches:u
196.036062676 473,231,849 branches:u
197.036265618 510,872,854 branches:u
198.036448584 516,936,505 branches:u
199.036628667 520,245,141 branches:u
200.036804822 517,636,913 branches:u
201.037001255 517,386,124 branches:u
202.037172426 499,689,965 branches:u
203.037348058 471,808,299 branches:u
204.037524004 470,315,975 branches:u
205.037697299 474,088,129 branches:u
206.037884142 469,833,560 branches:u
207.038081220 471,309,245 branches:u
208.038274488 470,691,558 branches:u
209.038460676 471,463,993 branches:u
210.038630063 472,508,878 branches:u
211.038875270 471,706,350 branches:u
212.039007837 473,005,428 branches:u
213.039184214 469,920,847 branches:u
214.039356092 473,680,887 branches:u
215.039528699 469,837,998 branches:u
216.039711478 470,037,556 branches:u
217.039888163 472,493,429 branches:u
218.040063575 470,348,056 branches:u
219.040237516 470,994,545 branches:u
220.040409430 471,105,846 branches:u
221.040585897 472,264,073 branches:u
222.040757061 469,487,752 branches:u
223.040937756 471,971,660 branches:u
224.041109511 470,531,603 branches:u
225.041275180 473,686,015 branches:u
226.041452714 469,482,725 branches:u
227.041624902 470,282,382 branches:u
228.041813527 471,601,737 branches:u
229.041991105 471,598,016 branches:u
230.042168396 470,866,317 branches:u
231.042362461 471,872,615 branches:u
232.042560109 473,021,480 branches:u
233.042741194 469,425,619 branches:u
234.042923435 472,630,450 branches:u
235.043103090 470,139,737 branches:u
236.043293568 472,344,230 branches:u
237.043469379 470,443,854 branches:u
238.043659417 470,627,401 branches:u
239.043843816 471,488,444 branches:u
240.044027820 471,542,204 branches:u
241.044284479 472,510,581 branches:u
242.044467386 469,554,498 branches:u
243.044651787 471,839,286 branches:u
244.044835532 470,462,229 branches:u
245.045018783 476,674,743 branches:u
246.045208103 520,637,304 branches:u
247.045384202 518,945,295 branches:u
248.045569466 520,111,981 branches:u
249.045743790 518,160,811 branches:u
250.045914638 517,155,745 branches:u
251.046098802 487,246,293 branches:u
252.046298176 472,387,965 branches:u
253.046468524 470,263,979 branches:u
254.046646238 470,976,064 branches:u
255.046820396 471,613,684 branches:u
256.047068104 472,432,504 branches:u
257.047245331 473,380,557 branches:u
258.047419811 469,780,246 branches:u
259.047592826 473,199,102 branches:u
260.047770650 470,179,028 branches:u
261.047959024 472,408,302 branches:u
262.048147728 470,725,299 branches:u
263.048329085 470,833,331 branches:u
264.048511653 471,263,669 branches:u
265.048692560 472,170,966 branches:u
266.048880691 472,563,484 branches:u
267.049064721 470,604,185 branches:u
268.049252135 471,914,301 branches:u
269.049445799 470,464,452 branches:u
270.049621673 473,190,002 branches:u
271.049806983 470,767,738 branches:u
272.049982210 471,432,833 branches:u
273.050175115 471,047,998 branches:u
274.050351015 472,168,831 branches:u
275.050530475 473,258,425 branches:u
276.050717499 470,716,434 branches:u
277.050897762 473,126,197 branches:u
278.051074343 469,662,140 branches:u
279.051251186 472,479,238 branches:u
280.051427710 471,284,372 branches:u
281.051613990 472,512,878 branches:u
282.051792477 472,037,645 branches:u
283.051973327 470,392,674 branches:u
284.052149067 473,151,859 branches:u
285.052325607 471,020,714 branches:u
286.052511078 472,535,788 branches:u
287.052687981 470,985,974 branches:u
288.052880621 470,324,691 branches:u
289.053061594 471,615,463 branches:u
290.053243924 471,691,565 branches:u
291.053433224 471,489,355 branches:u
292.053574114 471,794,628 branches:u
293.053759771 471,805,376 branches:u
294.053950354 490,229,581 branches:u
295.054125151 518,453,899 branches:u
296.054381368 519,220,732 branches:u
297.054553888 517,699,969 branches:u
298.054728164 516,777,414 branches:u
299.054903620 519,876,425 branches:u
300.055074843 472,701,563 branches:u
301.055260280 470,353,543 branches:u
302.055436374 471,863,242 branches:u
303.055607262 469,434,974 branches:u
304.055785579 456,936,936 branches:u
305.055954433 458,043,999 branches:u
306.056130901 457,383,359 branches:u
307.056297687 471,059,533 branches:u
308.056482140 471,374,032 branches:u
309.056665479 471,096,746 branches:u
310.056834122 471,945,782 branches:u
311.057082207 473,165,011 branches:u
312.057255546 470,574,987 branches:u
313.057446023 472,252,870 branches:u
314.057621482 470,143,916 branches:u
315.057798461 472,619,118 branches:u
316.058106988 472,002,100 branches:u
317.058315612 471,950,843 branches:u
318.058494901 470,438,874 branches:u
319.058690884 471,950,866 branches:u
320.058869390 472,796,763 branches:u
321.059055886 470,338,939 branches:u
322.059254299 472,280,945 branches:u
323.059432731 469,624,551 branches:u
324.059611084 472,610,334 branches:u
325.059791450 470,943,526 branches:u
326.059975499 471,295,403 branches:u
327.060156338 471,044,910 branches:u
328.060343065 471,479,504 branches:u
329.060542024 472,645,403 branches:u
330.060725259 469,873,100 branches:u
331.060919449 473,047,728 branches:u
332.061102525 469,991,866 branches:u
333.061286820 472,631,420 branches:u
334.061469296 469,922,692 branches:u
335.061650542 470,404,039 branches:u
336.061910324 472,589,321 branches:u
337.062090024 472,357,844 branches:u
338.062294180 471,931,431 branches:u
339.062480749 470,678,263 branches:u
340.062671561 473,081,766 branches:u
341.062920461 470,784,101 branches:u
342.063095816 473,133,607 branches:u
343.063267735 497,945,071 branches:u
344.063441074 520,083,799 branches:u
345.063612230 518,086,548 branches:u
346.063789962 517,137,126 branches:u
347.063971877 520,966,755 branches:u
348.064145299 510,873,280 branches:u
349.064322998 471,089,973 branches:u
350.064497589 470,912,488 branches:u
351.064746056 471,758,738 branches:u
352.064924931 471,401,772 branches:u
353.065104726 470,928,759 branches:u
354.065281902 472,571,437 branches:u
355.065460864 470,293,426 branches:u
356.065649029 473,075,622 branches:u
357.065824475 469,846,295 branches:u
358.066002556 472,731,221 branches:u
359.066186885 470,202,840 branches:u
360.066368503 471,634,053 branches:u
361.066561819 471,462,774 branches:u
362.066744674 471,097,125 branches:u
363.066936266 471,292,986 branches:u
364.067114828 471,246,637 branches:u
365.067291016 473,026,332 branches:u
366.067476385 469,706,455 branches:u
367.067652866 473,142,403 branches:u
368.067828811 469,867,818 branches:u
369.068015140 470,884,082 branches:u
370.068196235 471,219,010 branches:u
371.068343699 471,522,681 branches:u
372.068520304 470,739,974 branches:u
373.068695932 471,354,515 branches:u
374.068885311 472,398,321 branches:u
375.069058496 470,189,793 branches:u
376.069244194 472,724,127 branches:u
377.069425102 470,563,596 branches:u
378.069603730 472,760,466 branches:u
379.069781268 470,287,654 branches:u
380.069958780 471,831,476 branches:u
381.070197506 471,833,562 branches:u
382.070375014 472,098,116 branches:u
383.070549948 472,223,639 branches:u
384.070729213 470,293,876 branches:u
385.070903531 473,224,640 branches:u
386.071097002 470,300,020 branches:u
387.071276220 472,470,142 branches:u
388.071453405 469,705,901 branches:u
389.071631770 471,109,462 branches:u
390.071810881 471,072,679 branches:u
391.072056049 471,932,649 branches:u
392.072234647 512,080,859 branches:u
393.072419385 519,508,055 branches:u
394.072604023 519,535,097 branches:u
395.072778778 516,647,718 branches:u
396.072965332 519,809,306 branches:u
397.073142047 497,568,899 branches:u
398.073324632 471,080,109 branches:u
399.073504732 473,031,804 branches:u
400.073685860 471,139,166 branches:u
401.073878415 473,047,001 branches:u
402.074063176 469,885,459 branches:u
403.074244774 472,418,989 branches:u
404.074428562 470,742,145 branches:u
405.074609702 471,866,322 branches:u
406.074802347 471,137,186 branches:u
407.074984568 472,403,653 branches:u
408.075183392 472,763,394 branches:u
409.075371260 469,917,750 branches:u
410.075550491 472,150,869 branches:u
411.075735568 470,051,470 branches:u
412.075905052 472,953,972 branches:u
413.076073972 469,416,498 branches:u
414.076243204 469,898,413 branches:u
415.076410325 471,849,033 branches:u
416.076603683 471,872,624 branches:u
417.076772262 472,243,030 branches:u
418.076953601 470,203,774 branches:u
419.077126131 472,955,456 branches:u
420.077294708 470,356,270 branches:u
421.077440946 473,245,459 branches:u
422.077618837 470,111,629 branches:u
423.077781647 470,885,701 branches:u
424.077957284 470,503,849 branches:u
425.078158952 471,470,282 branches:u
426.078346196 470,686,385 branches:u
427.078535350 471,595,631 branches:u
428.078717368 471,743,689 branches:u
429.078898868 470,528,584 branches:u
430.079079168 472,050,407 branches:u
431.079271279 470,262,564 branches:u
432.079452383 473,782,768 branches:u
433.079638034 469,942,604 branches:u
434.079814187 470,605,869 branches:u
435.079975774 471,857,653 branches:u
436.080166009 471,954,226 branches:u
437.080343385 472,457,969 branches:u
438.080519106 470,066,539 branches:u
439.080698447 473,363,438 branches:u
440.080887227 478,810,054 branches:u
441.081071991 517,305,161 branches:u
442.081249869 520,473,535 branches:u
443.081379301 517,932,141 branches:u
444.081545608 520,111,671 branches:u
445.081713098 518,276,925 branches:u
446.081951342 485,801,228 branches:u
447.082127319 470,320,451 branches:u
448.082323443 472,246,833 branches:u
449.082499157 470,669,239 branches:u
450.082672817 471,411,267 branches:u
451.082912691 471,579,238 branches:u
452.083092398 472,586,893 branches:u
453.083269248 472,211,833 branches:u
454.083444705 470,297,638 branches:u
455.083629325 472,965,944 branches:u
456.083824085 470,060,128 branches:u
457.083963975 472,410,055 branches:u
458.084140195 470,132,022 branches:u
459.084317368 471,364,856 branches:u
460.084501768 471,011,417 branches:u
461.084744649 471,836,769 branches:u
462.084925419 472,730,600 branches:u
463.085107466 469,797,717 branches:u
464.085251492 472,942,654 branches:u
465.085432309 470,306,123 branches:u
466.085626106 473,425,990 branches:u
467.085806015 469,627,707 branches:u
468.085987496 470,022,787 branches:u
469.086167712 471,828,648 branches:u
470.086348505 470,906,838 branches:u
471.086591926 470,956,484 branches:u
472.086771534 471,709,565 branches:u
473.086946495 471,200,832 branches:u
474.087123554 469,865,171 branches:u
475.087298376 472,774,114 branches:u
476.087482768 470,476,920 branches:u
477.087661795 473,538,684 branches:u
478.087835420 469,046,303 branches:u
479.088011227 470,504,097 branches:u
480.088200631 472,242,995 branches:u
481.088377451 471,986,566 branches:u
482.088549507 472,248,141 branches:u
483.088683110 469,460,814 branches:u
484.088814952 456,902,815 branches:u
485.088932738 456,858,787 branches:u
486.089059253 458,195,516 branches:u
487.089232643 469,006,616 branches:u
488.089408606 472,580,213 branches:u
489.010964493 327,619,718 branches:u
