0,0
1,306902
2,462352
3,3289238
4,70995
5,910906
6,85735
7,56414
8,70485
9,27549
10,22104
11,92844
12,173388
13,86542
14,36459
15,18233
16,20163
17,198378
18,225504
19,45001
20,37020
21,16669
22,5084724
23,22593
24,72549
25,8978
26,76325
27,131190
28,111056
29,12654
30,149974
31,20191
32,28517
33,520656
34,53715
35,1212610
36,101397
37,46518
38,36232
39,133952
40,131543
41,30189
42,76100
43,10459
44,6653209
45,140705
46,55386
47,191420
48,227841
49,1458523
50,102440
51,437424
52,56477
53,257091
54,928241
55,17559
56,33267
57,18582
58,34286
59,59402
60,106257
61,61257
62,266410
63,274315
64,1260814606
 Unique Pages= 0
 Unique Pages= 8975
