0,0
1,529207
2,885570
3,254555
4,116075
5,7195778
6,85662
7,47186
8,109252
9,135860
10,17615
11,167065
12,225070
13,120720
14,35629
15,24016
16,38055
17,139174
18,208793
19,43070
20,33861
21,18932
22,9683229
23,21318
24,10219
25,10243
26,80664
27,134329
28,104494
29,8322
30,263626
31,8835
32,22622
33,516722
34,39783
35,252032
36,58325
37,33972
38,33042
39,44182
40,89588
41,37490
42,77733
43,10394
44,76667
45,19490
46,26281
47,153165
48,47400
49,2744931
50,193171
51,14644517
52,34927
53,184722
54,32426
55,7149
56,27135
57,15707
58,24025
59,123683
60,94641
61,61272
62,100387
63,646970
64,2648150771
 Unique Pages= 0
 Unique Pages= 12117
