0,0
1,477
2,288
3,192
4,80
5,64
6,64
7,0
8,48
9,48
10,0
11,32
12,16
13,64
14,48
15,16
16,0
17,32
18,16
19,16
20,2
21,64
22,0
23,16
24,16
25,16
26,0
27,0
28,16
29,0
30,32
31,16
32,32
33,0
34,16
35,0
36,0
37,0
38,0
39,0
40,32
41,0
42,0
43,16
44,0
45,16
46,416
47,384
48,0
49,64
50,0
51,32
52,0
53,0
54,0
55,0
56,1744
57,1776
58,1776
59,1744
60,2640
61,0
62,0
63,0
64,16
65,0
66,0
67,16
68,16
69,5
70,0
71,0
72,0
73,0
74,0
75,0
76,0
77,0
78,16
79,0
80,4
81,0
82,16
83,0
84,0
85,0
86,0
87,0
88,0
89,0
90,0
91,0
92,0
93,0
94,0
95,0
96,0
97,0
98,0
99,18
100,32
101,256
102,1088
103,2160
104,3488
105,3904
106,3520
107,2000
108,1141
109,176
110,48
111,0
112,0
113,16
114,0
115,0
116,0
117,208
118,656
119,1648
120,2917
121,3360
122,3600
123,2976
124,1275
125,672
126,149
127,16
128,2288
 Unique Pages= 0
 Unique Pages= 50068
